5.85 5.85
5.85 4.18
5.85 2.51
5.85 0.84
5.85 -0.83
5.85 -2.51
5.85 -4.17
5.85 -5.84
4.18 5.85
4.18 4.18
4.18 2.51
4.18 0.84
4.18 -0.83
4.18 -2.51
4.18 -4.17
4.18 -5.84
2.51 5.85
2.51 4.18
2.51 2.51
2.51 0.84
2.51 -0.83
2.51 -2.51
2.51 -4.17
2.51 -5.84
0.84 5.85
0.84 4.18
0.84 2.51
0.84 0.84
0.84 -0.83
0.84 -2.51
0.84 -4.17
0.84 -5.84
-0.83 5.85
-0.83 4.18
-0.83 2.51
-0.83 0.84
-0.83 -0.83
-0.83 -2.51
-0.83 -4.17
-0.83 -5.84
-2.51 5.85
-2.51 4.18
-2.51 2.51
-2.51 0.84
-2.51 -0.83
-2.51 -2.51
-2.51 -4.17
-2.51 -5.84
-4.17 5.85
-4.17 4.18
-4.17 2.51
-4.17 0.84
-4.17 -0.83
-4.17 -2.51
-4.17 -4.17
-4.17 -5.84
-5.84 5.85
-5.84 4.18
-5.84 2.51
-5.84 0.84
-5.84 -0.83
-5.84 -2.51
-5.84 -4.17
-5.84 -5.84
